0000  0001  0002  0005  0006  0007  0008  0009  0010  0011
0012  0015  0016  0017  0018  0019  0020  0021  0022  0025
0026  0027  0028  0029  0050  0051  0052  0055  0056  0057
0058  0059  0060  0061  0062  0065  0066  0067  0068  0069
0070  0071  0072  0075  0076  0077  0078  0079  0080  0081
0082  0085  0086  0087  0088  0089  0090  0091  0092  0095
0096  0097  0098  0099  0100  0101  0102  0105  0106  0107
0108  0109  0110  0111  0112  0115  0116  0117  0118  0119
0120  0121  0122  0125  0126  0127  0128  0129  0150  0151
0152  0155  0156  0157  0158  0159  0160  0161  0162  0165
0166  0167  0168  0169  0170  0171  0172  0175  0176  0177
0178  0179  0180  0181  0182  0185  0186  0187  0188  0189
0190  0191  0192  0195  0196  0197  0198  0199  0200  0201
0202  0205  0206  0207  0208  0209  0210  0211  0212  0215
0216  0217  0218  0219  0220  0221  0222  0225  0226  0227
0228  0229  0250  0251  0252  0255  0256  0257  0258  0259
0260  0261  0262  0265  0266  0267  0268  0269  0270  0271
0272  0275  0276  0277  0278  0279  0280  0281  0282  0285
0286  0287  0288  0289  0290  0291  0292  0295  0296  0297
0298  0299  0500  0501  0502  0505  0506  0507  0508  0509
0510  0511  0512  0515  0516  0517  0518  0519  0520  0521
0522  0525  0526  0527  0528  0529  0550  0551  0552  0555
0556  0557  0558  0559  0560  0561  0562  0565  0566  0567
0568  0569  0570  0571  0572  0575  0576  0577  0578  0579
0580  0581  0582  0585  0586  0587  0588  0589  0590  0591
0592  0595  0596  0597  0598  0599  0600  0601  0602  0605
0606  0607  0608  0609  0610  0611  0612  0615  0616  0617
0618  0619  0620  0621  0622  0625  0626  0627  0628  0629
0650  0651  0652  0655  0656  0657  0658  0659  0660  0661
0662  0665  0666  0667  0668  0669  0670  0671  0672  0675
0676  0677  0678  0679  0680  0681  0682  0685  0686  0687
0688  0689  0690  0691  0692  0695  0696  0697  0698  0699
0700  0701  0702  0705  0706  0707  0708  0709  0710  0711
0712  0715  0716  0717  0718  0719  0720  0721  0722  0725
0726  0727  0728  0729  0750  0751  0752  0755  0756  0757
0758  0759  0760  0761  0762  0765  0766  0767  0768  0769
0770  0771  0772  0775  0776  0777  0778  0779  0780  0781
0782  0785  0786  0787  0788  0789  0790  0791  0792  0795
0796  0797  0798  0799  0800  0801  0802  0805  0806  0807
0808  0809  0810  0811  0812  0815  0816  0817  0818  0819
0820  0821  0822  0825  0826  0827  0828  0829  0850  0851
0852  0855  0856  0857  0858  0859  0860  0861  0862  0865
0866  0867  0868  0869  0870  0871  0872  0875  0876  0877
0878  0879  0880  0881  0882  0885  0886  0887  0888  0889
0890  0891  0892  0895  0896  0897  0898  0899  0900  0901
0902  0905  0906  0907  0908  0909  0910  0911  0912  0915
0916  0917  0918  0919  0920  0921  0922  0925  0926  0927
0928  0929  0950  0951  0952  0955  0956  0957  0958  0959
0960  0961  0962  0965  0966  0967  0968  0969  0970  0971
0972  0975  0976  0977  0978  0979  0980  0981  0982  0985
0986  0987  0988  0989  0990  0991  0992  0995  0996  0997
0998  0999  1000  1001  1002  1005  1006  1007  1008  1009
1010  1011  1012  1015  1016  1017  1018  1019  1020  1021
1022  1025  1026  1027  1028  1029  1050  1051  1052  1055
1056  1057  1058  1059  1060  1061  1062  1065  1066  1067
1068  1069  1070  1071  1072  1075  1076  1077  1078  1079
1080  1081  1082  1085  1086  1087  1088  1089  1090  1091
1092  1095  1096  1097  1098  1099  1100  1101  1102  1105
1106  1107  1108  1109  1110  1111  1112  1115  1116  1117
1118  1119  1120  1121  1122  1125  1126  1127  1128  1129
1150  1151  1152  1155  1156  1157  1158  1159  1160  1161
1162  1165  1166  1167  1168  1169  1170  1171  1172  1175
1176  1177  1178  1179  1180  1181  1182  1185  1186  1187
1188  1189  1190  1191  1192  1195  1196  1197  1198  1199
1200  1201  1202  1205  1206  1207  1208  1209  1210  1211
1212  1215  1216  1217  1218  1219  1220  1221  1222  1225
1226  1227  1228  1229  1250  1251  1252  1255  1256  1257
1258  1259  1260  1261  1262  1265  1266  1267  1268  1269
1270  1271  1272  1275  1276  1277  1278  1279  1280  1281
1282  1285  1286  1287  1288  1289  1290  1291  1292  1295
1296  1297  1298  1299  1500  1501  1502  1505  1506  1507
1508  1509  1510  1511  1512  1515  1516  1517  1518  1519
1520  1521  1522  1525  1526  1527  1528  1529  1550  1551
1552  1555  1556  1557  1558  1559  1560  1561  1562  1565
1566  1567  1568  1569  1570  1571  1572  1575  1576  1577
1578  1579  1580  1581  1582  1585  1586  1587  1588  1589
1590  1591  1592  1595  1596  1597  1598  1599  1600  1601
1602  1605  1606  1607  1608  1609  1610  1611  1612  1615
1616  1617  1618  1619  1620  1621  1622  1625  1626  1627
1628  1629  1650  1651  1652  1655  1656  1657  1658  1659
1660  1661  1662  1665  1666  1667  1668  1669  1670  1671
1672  1675  1676  1677  1678  1679  1680  1681  1682  1685
1686  1687  1688  1689  1690  1691  1692  1695  1696  1697
1698  1699  1700  1701  1702  1705  1706  1707  1708  1709
1710  1711  1712  1715  1716  1717  1718  1719  1720  1721
1722  1725  1726  1727  1728  1729  1750  1751  1752  1755
1756  1757  1758  1759  1760  1761  1762  1765  1766  1767
1768  1769  1770  1771  1772  1775  1776  1777  1778  1779
1780  1781  1782  1785  1786  1787  1788  1789  1790  1791
1792  1795  1796  1797  1798  1799  1800  1801  1802  1805
1806  1807  1808  1809  1810  1811  1812  1815  1816  1817
1818  1819  1820  1821  1822  1825  1826  1827  1828  1829
1850  1851  1852  1855  1856  1857  1858  1859  1860  1861
1862  1865  1866  1867  1868  1869  1870  1871  1872  1875
1876  1877  1878  1879  1880  1881  1882  1885  1886  1887
1888  1889  1890  1891  1892  1895  1896  1897  1898  1899
1900  1901  1902  1905  1906  1907  1908  1909  1910  1911
1912  1915  1916  1917  1918  1919  1920  1921  1922  1925
1926  1927  1928  1929  1950  1951  1952  1955  1956  1957
1958  1959  1960  1961  1962  1965  1966  1967  1968  1969
1970  1971  1972  1975  1976  1977  1978  1979  1980  1981
1982  1985  1986  1987  1988  1989  1990  1991  1992  1995
1996  1997  1998  1999  2000  2001  2002  2005  2006  2007
2008  2009  2010  2011  2012  2015  2016  2017  2018  2019
2020  2021  2022  2025  2026  2027  2028  2029  2050  2051
2052  2055  2056  2057  2058  2059  2060  2061  2062  2065
2066  2067  2068  2069  2070  2071  2072  2075  2076  2077
2078  2079  2080  2081  2082  2085  2086  2087  2088  2089
2090  2091  2092  2095  2096  2097  2098  2099  2100  2101
2102  2105  2106  2107  2108  2109  2110  2111  2112  2115
2116  2117  2118  2119  2120  2121  2122  2125  2126  2127
2128  2129  2150  2151  2152  2155  2156  2157  2158  2159
2160  2161  2162  2165  2166  2167  2168  2169  2170  2171
2172  2175  2176  2177  2178  2179  2180  2181  2182  2185
2186  2187  2188  2189  2190  2191  2192  2195  2196  2197
2198  2199  2200  2201  2202  2205  2206  2207  2208  2209
2210  2211  2212  2215  2216  2217  2218  2219  2220  2221
2222  2225  2226  2227  2228  2229  2250  2251  2252  2255
2256  2257  2258  2259  2260  2261  2262  2265  2266  2267
2268  2269  2270  2271  2272  2275  2276  2277  2278  2279
2280  2281  2282  2285  2286  2287  2288  2289  2290  2291
2292  2295  2296  2297  2298  2299  2500  2501  2502  2505
2506  2507  2508  2509  2510  2511  2512  2515  2516  2517
2518  2519  2520  2521  2522  2525  2526  2527  2528  2529
2550  2551  2552  2555  2556  2557  2558  2559  2560  2561
2562  2565  2566  2567  2568  2569  2570  2571  2572  2575
2576  2577  2578  2579  2580  2581  2582  2585  2586  2587
2588  2589  2590  2591  2592  2595  2596  2597  2598  2599
2600  2601  2602  2605  2606  2607  2608  2609  2610  2611
2612  2615  2616  2617  2618  2619  2620  2621  2622  2625
2626  2627  2628  2629  2650  2651  2652  2655  2656  2657
2658  2659  2660  2661  2662  2665  2666  2667  2668  2669
2670  2671  2672  2675  2676  2677  2678  2679  2680  2681
2682  2685  2686  2687  2688  2689  2690  2691  2692  2695
2696  2697  2698  2699  2700  2701  2702  2705  2706  2707
2708  2709  2710  2711  2712  2715  2716  2717  2718  2719
2720  2721  2722  2725  2726  2727  2728  2729  2750  2751
2752  2755  2756  2757  2758  2759  2760  2761  2762  2765
2766  2767  2768  2769  2770  2771  2772  2775  2776  2777
2778  2779  2780  2781  2782  2785  2786  2787  2788  2789
2790  2791  2792  2795  2796  2797  2798  2799  2800  2801
2802  2805  2806  2807  2808  2809  2810  2811  2812  2815
2816  2817  2818  2819  2820  2821  2822  2825  2826  2827
2828  2829  2850  2851  2852  2855  2856  2857  2858  2859
2860  2861  2862  2865  2866  2867  2868  2869  2870  2871
2872  2875  2876  2877  2878  2879  2880  2881  2882  2885
2886  2887  2888  2889  2890  2891  2892  2895  2896  2897
2898  2899  2900  2901  2902  2905  2906  2907  2908  2909
2910  2911  2912  2915  2916  2917  2918  2919  2920  2921
2922  2925  2926  2927  2928  2929  2950  2951  2952  2955
2956  2957  2958  2959  2960  2961  2962  2965  2966  2967
2968  2969  2970  2971  2972  2975  2976  2977  2978  2979
2980  2981  2982  2985  2986  2987  2988  2989  2990  2991
2992  2995  2996  2997  2998  2999  5000  5001  5002  5005
5006  5007  5008  5009  5010  5011  5012  5015  5016  5017
5018  5019  5020  5021  5022  5025  5026  5027  5028  5029
5050  5051  5052  5055  5056  5057  5058  5059  5060  5061
5062  5065  5066  5067  5068  5069  5070  5071  5072  5075
5076  5077  5078  5079  5080  5081  5082  5085  5086  5087
5088  5089  5090  5091  5092  5095  5096  5097  5098  5099
5100  5101  5102  5105  5106  5107  5108  5109  5110  5111
5112  5115  5116  5117  5118  5119  5120  5121  5122  5125
5126  5127  5128  5129  5150  5151  5152  5155  5156  5157
5158  5159  5160  5161  5162  5165  5166  5167  5168  5169
5170  5171  5172  5175  5176  5177  5178  5179  5180  5181
5182  5185  5186  5187  5188  5189  5190  5191  5192  5195
5196  5197  5198  5199  5200  5201  5202  5205  5206  5207
5208  5209  5210  5211  5212  5215  5216  5217  5218  5219
5220  5221  5222  5225  5226  5227  5228  5229  5250  5251
5252  5255  5256  5257  5258  5259  5260  5261  5262  5265
5266  5267  5268  5269  5270  5271  5272  5275  5276  5277
5278  5279  5280  5281  5282  5285  5286  5287  5288  5289
5290  5291  5292  5295  5296  5297  5298  5299  5500  5501
5502  5505  5506  5507  5508  5509  5510  5511  5512  5515
5516  5517  5518  5519  5520  5521  5522  5525  5526  5527
5528  5529  5550  5551  5552  5555  5556  5557  5558  5559
5560  5561  5562  5565  5566  5567  5568  5569  5570  5571
5572  5575  5576  5577  5578  5579  5580  5581  5582  5585
5586  5587  5588  5589  5590  5591  5592  5595  5596  5597
5598  5599  5600  5601  5602  5605  5606  5607  5608  5609
5610  5611  5612  5615  5616  5617  5618  5619  5620  5621
5622  5625  5626  5627  5628  5629  5650  5651  5652  5655
5656  5657  5658  5659  5660  5661  5662  5665  5666  5667
5668  5669  5670  5671  5672  5675  5676  5677  5678  5679
5680  5681  5682  5685  5686  5687  5688  5689  5690  5691
5692  5695  5696  5697  5698  5699  5700  5701  5702  5705
5706  5707  5708  5709  5710  5711  5712  5715  5716  5717
5718  5719  5720  5721  5722  5725  5726  5727  5728  5729
5750  5751  5752  5755  5756  5757  5758  5759  5760  5761
5762  5765  5766  5767  5768  5769  5770  5771  5772  5775
5776  5777  5778  5779  5780  5781  5782  5785  5786  5787
5788  5789  5790  5791  5792  5795  5796  5797  5798  5799
5800  5801  5802  5805  5806  5807  5808  5809  5810  5811
5812  5815  5816  5817  5818  5819  5820  5821  5822  5825
5826  5827  5828  5829  5850  5851  5852  5855  5856  5857
5858  5859  5860  5861  5862  5865  5866  5867  5868  5869
5870  5871  5872  5875  5876  5877  5878  5879  5880  5881
5882  5885  5886  5887  5888  5889  5890  5891  5892  5895
5896  5897  5898  5899  5900  5901  5902  5905  5906  5907
5908  5909  5910  5911  5912  5915  5916  5917  5918  5919
5920  5921  5922  5925  5926  5927  5928  5929  5950  5951
5952  5955  5956  5957  5958  5959  5960  5961  5962  5965
5966  5967  5968  5969  5970  5971  5972  5975  5976  5977
5978  5979  5980  5981  5982  5985  5986  5987  5988  5989
5990  5991  5992  5995  5996  5997  5998  5999  6000  6001
6002  6005  6006  6007  6008  6009  6010  6011  6012  6015
6016  6017  6018  6019  6020  6021  6022  6025  6026  6027
6028  6029  6050  6051  6052  6055  6056  6057  6058  6059
6060  6061  6062  6065  6066  6067  6068  6069  6070  6071
6072  6075  6076  6077  6078  6079  6080  6081  6082  6085
6086  6087  6088  6089  6090  6091  6092  6095  6096  6097
6098  6099  6100  6101  6102  6105  6106  6107  6108  6109
6110  6111  6112  6115  6116  6117  6118  6119  6120  6121
6122  6125  6126  6127  6128  6129  6150  6151  6152  6155
6156  6157  6158  6159  6160  6161  6162  6165  6166  6167
6168  6169  6170  6171  6172  6175  6176  6177  6178  6179
6180  6181  6182  6185  6186  6187  6188  6189  6190  6191
6192  6195  6196  6197  6198  6199  6200  6201  6202  6205
6206  6207  6208  6209  6210  6211  6212  6215  6216  6217
6218  6219  6220  6221  6222  6225  6226  6227  6228  6229
6250  6251  6252  6255  6256  6257  6258  6259  6260  6261
6262  6265  6266  6267  6268  6269  6270  6271  6272  6275
6276  6277  6278  6279  6280  6281  6282  6285  6286  6287
6288  6289  6290  6291  6292  6295  6296  6297  6298  6299
6500  6501  6502  6505  6506  6507  6508  6509  6510  6511
6512  6515  6516  6517  6518  6519  6520  6521  6522  6525
6526  6527  6528  6529  6550  6551  6552  6555  6556  6557
6558  6559  6560  6561  6562  6565  6566  6567  6568  6569
6570  6571  6572  6575  6576  6577  6578  6579  6580  6581
6582  6585  6586  6587  6588  6589  6590  6591  6592  6595
6596  6597  6598  6599  6600  6601  6602  6605  6606  6607
6608  6609  6610  6611  6612  6615  6616  6617  6618  6619
6620  6621  6622  6625  6626  6627  6628  6629  6650  6651
6652  6655  6656  6657  6658  6659  6660  6661  6662  6665
6666  6667  6668  6669  6670  6671  6672  6675  6676  6677
6678  6679  6680  6681  6682  6685  6686  6687  6688  6689
6690  6691  6692  6695  6696  6697  6698  6699  6700  6701
6702  6705  6706  6707  6708  6709  6710  6711  6712  6715
6716  6717  6718  6719  6720  6721  6722  6725  6726  6727
6728  6729  6750  6751  6752  6755  6756  6757  6758  6759
6760  6761  6762  6765  6766  6767  6768  6769  6770  6771
6772  6775  6776  6777  6778  6779  6780  6781  6782  6785
6786  6787  6788  6789  6790  6791  6792  6795  6796  6797
6798  6799  6800  6801  6802  6805  6806  6807  6808  6809
6810  6811  6812  6815  6816  6817  6818  6819  6820  6821
6822  6825  6826  6827  6828  6829  6850  6851  6852  6855
6856  6857  6858  6859  6860  6861  6862  6865  6866  6867
6868  6869  6870  6871  6872  6875  6876  6877  6878  6879
6880  6881  6882  6885  6886  6887  6888  6889  6890  6891
6892  6895  6896  6897  6898  6899  6900  6901  6902  6905
6906  6907  6908  6909  6910  6911  6912  6915  6916  6917
6918  6919  6920  6921  6922  6925  6926  6927  6928  6929
6950  6951  6952  6955  6956  6957  6958  6959  6960  6961
6962  6965  6966  6967  6968  6969  6970  6971  6972  6975
6976  6977  6978  6979  6980  6981  6982  6985  6986  6987
6988  6989  6990  6991  6992  6995  6996  6997  6998  6999
7000  7001  7002  7005  7006  7007  7008  7009  7010  7011
7012  7015  7016  7017  7018  7019  7020  7021  7022  7025
7026  7027  7028  7029  7050  7051  7052  7055  7056  7057
7058  7059  7060  7061  7062  7065  7066  7067  7068  7069
7070  7071  7072  7075  7076  7077  7078  7079  7080  7081
7082  7085  7086  7087  7088  7089  7090  7091  7092  7095
7096  7097  7098  7099  7100  7101  7102  7105  7106  7107
7108  7109  7110  7111  7112  7115  7116  7117  7118  7119
7120  7121  7122  7125  7126  7127  7128  7129  7150  7151
7152  7155  7156  7157  7158  7159  7160  7161  7162  7165
7166  7167  7168  7169  7170  7171  7172  7175  7176  7177
7178  7179  7180  7181  7182  7185  7186  7187  7188  7189
7190  7191  7192  7195  7196  7197  7198  7199  7200  7201
7202  7205  7206  7207  7208  7209  7210  7211  7212  7215
7216  7217  7218  7219  7220  7221  7222  7225  7226  7227
7228  7229  7250  7251  7252  7255  7256  7257  7258  7259
7260  7261  7262  7265  7266  7267  7268  7269  7270  7271
7272  7275  7276  7277  7278  7279  7280  7281  7282  7285
7286  7287  7288  7289  7290  7291  7292  7295  7296  7297
7298  7299  7500  7501  7502  7505  7506  7507  7508  7509
7510  7511  7512  7515  7516  7517  7518  7519  7520  7521
7522  7525  7526  7527  7528  7529  7550  7551  7552  7555
7556  7557  7558  7559  7560  7561  7562  7565  7566  7567
7568  7569  7570  7571  7572  7575  7576  7577  7578  7579
7580  7581  7582  7585  7586  7587  7588  7589  7590  7591
7592  7595  7596  7597  7598  7599  7600  7601  7602  7605
7606  7607  7608  7609  7610  7611  7612  7615  7616  7617
7618  7619  7620  7621  7622  7625  7626  7627  7628  7629
7650  7651  7652  7655  7656  7657  7658  7659  7660  7661
7662  7665  7666  7667  7668  7669  7670  7671  7672  7675
7676  7677  7678  7679  7680  7681  7682  7685  7686  7687
7688  7689  7690  7691  7692  7695  7696  7697  7698  7699
7700  7701  7702  7705  7706  7707  7708  7709  7710  7711
7712  7715  7716  7717  7718  7719  7720  7721  7722  7725
7726  7727  7728  7729  7750  7751  7752  7755  7756  7757
7758  7759  7760  7761  7762  7765  7766  7767  7768  7769
7770  7771  7772  7775  7776  7777  7778  7779  7780  7781
7782  7785  7786  7787  7788  7789  7790  7791  7792  7795
7796  7797  7798  7799  7800  7801  7802  7805  7806  7807
7808  7809  7810  7811  7812  7815  7816  7817  7818  7819
7820  7821  7822  7825  7826  7827  7828  7829  7850  7851
7852  7855  7856  7857  7858  7859  7860  7861  7862  7865
7866  7867  7868  7869  7870  7871  7872  7875  7876  7877
7878  7879  7880  7881  7882  7885  7886  7887  7888  7889
7890  7891  7892  7895  7896  7897  7898  7899  7900  7901
7902  7905  7906  7907  7908  7909  7910  7911  7912  7915
7916  7917  7918  7919  7920  7921  7922  7925  7926  7927
7928  7929  7950  7951  7952  7955  7956  7957  7958  7959
7960  7961  7962  7965  7966  7967  7968  7969  7970  7971
7972  7975  7976  7977  7978  7979  7980  7981  7982  7985
7986  7987  7988  7989  7990  7991  7992  7995  7996  7997
7998  7999  8000  8001  8002  8005  8006  8007  8008  8009
8010  8011  8012  8015  8016  8017  8018  8019  8020  8021
8022  8025  8026  8027  8028  8029  8050  8051  8052  8055
8056  8057  8058  8059  8060  8061  8062  8065  8066  8067
8068  8069  8070  8071  8072  8075  8076  8077  8078  8079
8080  8081  8082  8085  8086  8087  8088  8089  8090  8091
8092  8095  8096  8097  8098  8099  8100  8101  8102  8105
8106  8107  8108  8109  8110  8111  8112  8115  8116  8117
8118  8119  8120  8121  8122  8125  8126  8127  8128  8129
8150  8151  8152  8155  8156  8157  8158  8159  8160  8161
8162  8165  8166  8167  8168  8169  8170  8171  8172  8175
8176  8177  8178  8179  8180  8181  8182  8185  8186  8187
8188  8189  8190  8191  8192  8195  8196  8197  8198  8199
8200  8201  8202  8205  8206  8207  8208  8209  8210  8211
8212  8215  8216  8217  8218  8219  8220  8221  8222  8225
8226  8227  8228  8229  8250  8251  8252  8255  8256  8257
8258  8259  8260  8261  8262  8265  8266  8267  8268  8269
8270  8271  8272  8275  8276  8277  8278  8279  8280  8281
8282  8285  8286  8287  8288  8289  8290  8291  8292  8295
8296  8297  8298  8299  8500  8501  8502  8505  8506  8507
8508  8509  8510  8511  8512  8515  8516  8517  8518  8519
8520  8521  8522  8525  8526  8527  8528  8529  8550  8551
8552  8555  8556  8557  8558  8559  8560  8561  8562  8565
8566  8567  8568  8569  8570  8571  8572  8575  8576  8577
8578  8579  8580  8581  8582  8585  8586  8587  8588  8589
8590  8591  8592  8595  8596  8597  8598  8599  8600  8601
8602  8605  8606  8607  8608  8609  8610  8611  8612  8615
8616  8617  8618  8619  8620  8621  8622  8625  8626  8627
8628  8629  8650  8651  8652  8655  8656  8657  8658  8659
8660  8661  8662  8665  8666  8667  8668  8669  8670  8671
8672  8675  8676  8677  8678  8679  8680  8681  8682  8685
8686  8687  8688  8689  8690  8691  8692  8695  8696  8697
8698  8699  8700  8701  8702  8705  8706  8707  8708  8709
8710  8711  8712  8715  8716  8717  8718  8719  8720  8721
8722  8725  8726  8727  8728  8729  8750  8751  8752  8755
8756  8757  8758  8759  8760  8761  8762  8765  8766  8767
8768  8769  8770  8771  8772  8775  8776  8777  8778  8779
8780  8781  8782  8785  8786  8787  8788  8789  8790  8791
8792  8795  8796  8797  8798  8799  8800  8801  8802  8805
8806  8807  8808  8809  8810  8811  8812  8815  8816  8817
8818  8819  8820  8821  8822  8825  8826  8827  8828  8829
8850  8851  8852  8855  8856  8857  8858  8859  8860  8861
8862  8865  8866  8867  8868  8869  8870  8871  8872  8875
8876  8877  8878  8879  8880  8881  8882  8885  8886  8887
8888  8889  8890  8891  8892  8895  8896  8897  8898  8899
8900  8901  8902  8905  8906  8907  8908  8909  8910  8911
8912  8915  8916  8917  8918  8919  8920  8921  8922  8925
8926  8927  8928  8929  8950  8951  8952  8955  8956  8957
8958  8959  8960  8961  8962  8965  8966  8967  8968  8969
8970  8971  8972  8975  8976  8977  8978  8979  8980  8981
8982  8985  8986  8987  8988  8989  8990  8991  8992  8995
8996  8997  8998  8999  9000  9001  9002  9005  9006  9007
9008  9009  9010  9011  9012  9015  9016  9017  9018  9019
9020  9021  9022  9025  9026  9027  9028  9029  9050  9051
9052  9055  9056  9057  9058  9059  9060  9061  9062  9065
9066  9067  9068  9069  9070  9071  9072  9075  9076  9077
9078  9079  9080  9081  9082  9085  9086  9087  9088  9089
9090  9091  9092  9095  9096  9097  9098  9099  9100  9101
9102  9105  9106  9107  9108  9109  9110  9111  9112  9115
9116  9117  9118  9119  9120  9121  9122  9125  9126  9127
9128  9129  9150  9151  9152  9155  9156  9157  9158  9159
9160  9161  9162  9165  9166  9167  9168  9169  9170  9171
9172  9175  9176  9177  9178  9179  9180  9181  9182  9185
9186  9187  9188  9189  9190  9191  9192  9195  9196  9197
9198  9199  9200  9201  9202  9205  9206  9207  9208  9209
9210  9211  9212  9215  9216  9217  9218  9219  9220  9221
9222  9225  9226  9227  9228  9229  9250  9251  9252  9255
9256  9257  9258  9259  9260  9261  9262  9265  9266  9267
9268  9269  9270  9271  9272  9275  9276  9277  9278  9279
9280  9281  9282  9285  9286  9287  9288  9289  9290  9291
9292  9295  9296  9297  9298  9299  9500  9501  9502  9505
9506  9507  9508  9509  9510  9511  9512  9515  9516  9517
9518  9519  9520  9521  9522  9525  9526  9527  9528  9529
9550  9551  9552  9555  9556  9557  9558  9559  9560  9561
9562  9565  9566  9567  9568  9569  9570  9571  9572  9575
9576  9577  9578  9579  9580  9581  9582  9585  9586  9587
9588  9589  9590  9591  9592  9595  9596  9597  9598  9599
9600  9601  9602  9605  9606  9607  9608  9609  9610  9611
9612  9615  9616  9617  9618  9619  9620  9621  9622  9625
9626  9627  9628  9629  9650  9651  9652  9655  9656  9657
9658  9659  9660  9661  9662  9665  9666  9667  9668  9669
9670  9671  9672  9675  9676  9677  9678  9679  9680  9681
9682  9685  9686  9687  9688  9689  9690  9691  9692  9695
9696  9697  9698  9699  9700  9701  9702  9705  9706  9707
9708  9709  9710  9711  9712  9715  9716  9717  9718  9719
9720  9721  9722  9725  9726  9727  9728  9729  9750  9751
9752  9755  9756  9757  9758  9759  9760  9761  9762  9765
9766  9767  9768  9769  9770  9771  9772  9775  9776  9777
9778  9779  9780  9781  9782  9785  9786  9787  9788  9789
9790  9791  9792  9795  9796  9797  9798  9799  9800  9801
9802  9805  9806  9807  9808  9809  9810  9811  9812  9815
9816  9817  9818  9819  9820  9821  9822  9825  9826  9827
9828  9829  9850  9851  9852  9855  9856  9857  9858  9859
9860  9861  9862  9865  9866  9867  9868  9869  9870  9871
9872  9875  9876  9877  9878  9879  9880  9881  9882  9885
9886  9887  9888  9889  9890  9891  9892  9895  9896  9897
9898  9899  9900  9901  9902  9905  9906  9907  9908  9909
9910  9911  9912  9915  9916  9917  9918  9919  9920  9921
9922  9925  9926  9927  9928  9929  9950  9951  9952  9955
9956  9957  9958  9959  9960  9961  9962  9965  9966  9967
9968  9969  9970  9971  9972  9975  9976  9977  9978  9979
9980  9981  9982  9985  9986  9987  9988  9989  9990  9991
9992  9995  9996  9997  9998  9999  